solid
 facet normal  1.9443161216e-01 9.7215806082e-01 -1.3078628739e-01
   outer loop
     vertex 1.0000000000e+00 0.0000000000e+00 0.0000000000e+00
     vertex 9.9989236060e-01 2.0758329765e-05 -5.7201993635e-06
     vertex 9.9989236060e-01 2.1527879150e-05 0.0000000000e+00
   endloop
 endfacet
 facet normal  1.9443161216e-01 9.7215806082e-01 -1.3078628739e-01
   outer loop
     vertex 9.9989236060e-01 2.1527879150e-05 0.0000000000e+00
     vertex 9.9989236060e-01 2.0758329765e-05 -5.7201993635e-06
     vertex 9.9976786945e-01 4.4766532583e-05 -1.2335939071e-05
   endloop
 endfacet
 facet normal  1.9443161216e-01 9.7215806082e-01 -1.3078628739e-01
   outer loop
     vertex 9.9989236060e-01 2.1527879150e-05 0.0000000000e+00
     vertex 9.9976786945e-01 4.4766532583e-05 -1.2335939071e-05
     vertex 9.9976786945e-01 4.6426110113e-05 0.0000000000e+00
   endloop
 endfacet
 facet normal  1.9443161216e-01 9.7215806082e-01 -1.3078628739e-01
   outer loop
     vertex 9.9976786945e-01 4.6426110113e-05 0.0000000000e+00
     vertex 9.9976786945e-01 4.4766532583e-05 -1.2335939071e-05
     vertex 9.9962389350e-01 7.2532391294e-05 -1.9987144593e-05
   endloop
 endfacet
 facet normal  1.9443161216e-01 9.7215806082e-01 -1.3078628739e-01
   outer loop
     vertex 9.9976786945e-01 4.6426110113e-05 0.0000000000e+00
     vertex 9.9962389350e-01 7.2532391294e-05 -1.9987144593e-05
     vertex 9.9962389350e-01 7.5221300168e-05 0.0000000000e+00
   endloop
 endfacet
 facet normal  1.9443161216e-01 9.7215806082e-01 -1.3078628739e-01
   outer loop
     vertex 9.9962389350e-01 7.5221300168e-05 0.0000000000e+00
     vertex 9.9962389350e-01 7.2532391294e-05 -1.9987144593e-05
     vertex 9.9945739008e-01 1.0464268739e-04 -2.8835510398e-05
   endloop
 endfacet
 facet normal  1.9443161216e-01 9.7215806082e-01 -1.3078628739e-01
   outer loop
     vertex 9.9962389350e-01 7.5221300168e-05 0.0000000000e+00
     vertex 9.9945739008e-01 1.0464268739e-04 -2.8835510398e-05
     vertex 9.9945739008e-01 1.0852198387e-04 0.0000000000e+00
   endloop
 endfacet
 facet normal  1.9443161216e-01 9.7215806082e-01 -1.3078628739e-01
   outer loop
     vertex 9.9945739008e-01 1.0852198387e-04 0.0000000000e+00
     vertex 9.9945739008e-01 1.0464268739e-04 -2.8835510398e-05
     vertex 9.9926484375e-01 1.4177537614e-04 -3.9067854956e-05
   endloop
 endfacet
 facet normal  1.9443161216e-01 9.7215806082e-01 -1.3078628739e-01
   outer loop
     vertex 9.9945739008e-01 1.0852198387e-04 0.0000000000e+00
     vertex 9.9926484375e-01 1.4177537614e-04 -3.9067854956e-05
     vertex 9.9926484375e-01 1.4703124956e-04 0.0000000000e+00
   endloop
 endfacet
 facet normal  1.9443161216e-01 9.7215806082e-01 -1.3078628739e-01
   outer loop
     vertex 9.9926484375e-01 1.4703124956e-04 0.0000000000e+00
     vertex 9.9926484375e-01 1.4177537614e-04 -3.9067854956e-05
     vertex 9.9904219364e-01 1.8471359927e-04 -5.0899982076e-05
   endloop
 endfacet
 facet normal  1.9443161216e-01 9.7215806082e-01 -1.3078628739e-01
   outer loop
     vertex 9.9926484375e-01 1.4703124956e-04 0.0000000000e+00
     vertex 9.9904219364e-01 1.8471359927e-04 -5.0899982076e-05
     vertex 9.9904219364e-01 1.9156127142e-04 0.0000000000e+00
   endloop
 endfacet
 facet normal  1.9443161216e-01 9.7215806082e-01 -1.3078628739e-01
   outer loop
     vertex 9.9904219364e-01 1.9156127142e-04 0.0000000000e+00
     vertex 9.9904219364e-01 1.8471359927e-04 -5.0899982076e-05
     vertex 9.9878474989e-01 2.3436179909e-04 -6.4581121370e-05
   endloop
 endfacet
 facet normal  1.9443161216e-01 9.7215806082e-01 -1.3078628739e-01
   outer loop
     vertex 9.9904219364e-01 1.9156127142e-04 0.0000000000e+00
     vertex 9.9878474989e-01 2.3436179909e-04 -6.4581121370e-05
     vertex 9.9878474989e-01 2.4305002114e-04 0.0000000000e+00
   endloop
 endfacet
 facet normal  1.9443161216e-01 9.7215806082e-01 -1.3078628739e-01
   outer loop
     vertex 9.9878474989e-01 2.4305002114e-04 0.0000000000e+00
     vertex 9.9878474989e-01 2.3436179909e-04 -6.4581121370e-05
     vertex 9.9848709766e-01 2.9176423187e-04 -8.0399029805e-05
   endloop
 endfacet
 facet normal  1.9443161216e-01 9.7215806082e-01 -1.3078628739e-01
   outer loop
     vertex 9.9878474989e-01 2.4305002114e-04 0.0000000000e+00
     vertex 9.9848709766e-01 2.9176423187e-04 -8.0399029805e-05
     vertex 9.9848709766e-01 3.0258046747e-04 0.0000000000e+00
   endloop
 endfacet
 facet normal  1.9443161216e-01 9.7215806082e-01 -1.3078628739e-01
   outer loop
     vertex 9.9848709766e-01 3.0258046747e-04 0.0000000000e+00
     vertex 9.9848709766e-01 2.9176423187e-04 -8.0399029805e-05
     vertex 9.9814298695e-01 3.5812621377e-04 -9.8685846273e-05
   endloop
 endfacet
 facet normal  1.9443161216e-01 9.7215806082e-01 -1.3078628739e-01
   outer loop
     vertex 9.9848709766e-01 3.0258046747e-04 0.0000000000e+00
     vertex 9.9814298695e-01 3.5812621377e-04 -9.8685846273e-05
     vertex 9.9814298695e-01 3.7140260983e-04 0.0000000000e+00
   endloop
 endfacet
 facet normal  1.9443161216e-01 9.7215806082e-01 -1.3078628739e-01
   outer loop
     vertex 9.9814298695e-01 3.7140260983e-04 0.0000000000e+00
     vertex 9.9814298695e-01 3.5812621377e-04 -9.8685846273e-05
     vertex 9.9774520634e-01 4.3483847106e-04 -1.1982480159e-04
   endloop
 endfacet
 facet normal  1.9443161216e-01 9.7215806082e-01 -1.3078628739e-01
   outer loop
     vertex 9.9814298695e-01 3.7140260983e-04 0.0000000000e+00
     vertex 9.9774520634e-01 4.3483847106e-04 -1.1982480159e-04
     vertex 9.9774520634e-01 4.5095873130e-04 0.0000000000e+00
   endloop
 endfacet
 facet normal  1.9443161216e-01 9.7215806082e-01 -1.3078628739e-01
   outer loop
     vertex 9.9774520634e-01 4.5095873130e-04 0.0000000000e+00
     vertex 9.9774520634e-01 4.3483847106e-04 -1.1982480159e-04
     vertex 9.9728543851e-01 5.2350500611e-04 -1.4425789727e-04
   endloop
 endfacet
 facet normal  1.9443161216e-01 9.7215806082e-01 -1.3078628739e-01
   outer loop
     vertex 9.9774520634e-01 4.5095873130e-04 0.0000000000e+00
     vertex 9.9728543851e-01 5.2350500611e-04 -1.4425789727e-04
     vertex 9.9728543851e-01 5.4291229755e-04 0.0000000000e+00
   endloop
 endfacet
 facet normal  1.9443161216e-01 9.7215806082e-01 -1.3078628739e-01
   outer loop
     vertex 9.9728543851e-01 5.4291229755e-04 0.0000000000e+00
     vertex 9.9728543851e-01 5.2350500611e-04 -1.4425789727e-04
     vertex 9.9675409515e-01 6.2597492986e-04 -1.7249467736e-04
   endloop
 endfacet
 facet normal  1.9443161216e-01 9.7215806082e-01 -1.3078628739e-01
   outer loop
     vertex 9.9728543851e-01 5.4291229755e-04 0.0000000000e+00
     vertex 9.9675409515e-01 6.2597492986e-04 -1.7249467736e-04
     vertex 9.9675409515e-01 6.4918096945e-04 0.0000000000e+00
   endloop
 endfacet
 facet normal  1.9443161216e-01 9.7215806082e-01 -1.3078628739e-01
   outer loop
     vertex 9.9675409515e-01 6.4918096945e-04 0.0000000000e+00
     vertex 9.9675409515e-01 6.2597492986e-04 -1.7249467736e-04
     vertex 9.9614012882e-01 7.4437875000e-04 -2.0512222805e-04
   endloop
 endfacet
 facet normal  1.9443161216e-01 9.7215806082e-01 -1.3078628739e-01
   outer loop
     vertex 9.9675409515e-01 6.4918096945e-04 0.0000000000e+00
     vertex 9.9614012882e-01 7.4437875000e-04 -2.0512222805e-04
     vertex 9.9614012882e-01 7.7197423653e-04 0.0000000000e+00
   endloop
 endfacet
 facet normal  1.9443161216e-01 9.7215806082e-01 -1.3078628739e-01
   outer loop
     vertex 9.9614012882e-01 7.7197423653e-04 0.0000000000e+00
     vertex 9.9614012882e-01 7.4437875000e-04 -2.0512222805e-04
     vertex 9.9543081894e-01 8.8116963711e-04 -2.4281654904e-04
   endloop
 endfacet
 facet normal  1.9443161216e-01 9.7215806082e-01 -1.3078628739e-01
   outer loop
     vertex 9.9614012882e-01 7.7197423653e-04 0.0000000000e+00
     vertex 9.9543081894e-01 8.8116963711e-04 -2.4281654904e-04
     vertex 9.9543081894e-01 9.1383621289e-04 0.0000000000e+00
   endloop
 endfacet
 facet normal  1.9443161216e-01 9.7215806082e-01 -1.3078628739e-01
   outer loop
     vertex 9.9543081894e-01 9.1383621289e-04 0.0000000000e+00
     vertex 9.9543081894e-01 8.8116963711e-04 -2.4281654904e-04
     vertex 9.9461152918e-01 1.0391702164e-03 -2.8635544757e-04
   endloop
 endfacet
 facet normal  1.9443161216e-01 9.7215806082e-01 -1.3078628739e-01
   outer loop
     vertex 9.9543081894e-01 9.1383621289e-04 0.0000000000e+00
     vertex 9.9461152918e-01 1.0391702164e-03 -2.8635544757e-04
     vertex 9.9461152918e-01 1.0776941637e-03 0.0000000000e+00
   endloop
 endfacet
 facet normal  1.9443161216e-01 9.7215806082e-01 -1.3078628739e-01
   outer loop
     vertex 9.9461152918e-01 1.0776941637e-03 0.0000000000e+00
     vertex 9.9461152918e-01 1.0391702164e-03 -2.8635544757e-04
     vertex 9.9366543329e-01 1.2216254441e-03 -3.3663310906e-04
   endloop
 endfacet
 facet normal  1.9443161216e-01 9.7215806082e-01 -1.3078628739e-01
   outer loop
     vertex 9.9461152918e-01 1.0776941637e-03 0.0000000000e+00
     vertex 9.9366543329e-01 1.2216254441e-03 -3.3663310906e-04
     vertex 9.9366543329e-01 1.2669133415e-03 0.0000000000e+00
   endloop
 endfacet
 facet normal  1.9443161216e-01 9.7215806082e-01 -1.3078628739e-01
   outer loop
     vertex 9.9366543329e-01 1.2669133415e-03 0.0000000000e+00
     vertex 9.9366543329e-01 1.2216254441e-03 -3.3663310906e-04
     vertex 9.9257320649e-01 1.4322621164e-03 -3.9467649564e-04
   endloop
 endfacet
 facet normal  1.9443161216e-01 9.7215806082e-01 -1.3078628739e-01
   outer loop
     vertex 9.9366543329e-01 1.2669133415e-03 0.0000000000e+00
     vertex 9.9257320649e-01 1.4322621164e-03 -3.9467649564e-04
     vertex 9.9257320649e-01 1.4853587019e-03 0.0000000000e+00
   endloop
 endfacet
 facet normal  1.9443161216e-01 9.7215806082e-01 -1.3078628739e-01
   outer loop
     vertex 9.9257320649e-01 1.4853587019e-03 0.0000000000e+00
     vertex 9.9257320649e-01 1.4322621164e-03 -3.9467649564e-04
     vertex 9.9131267987e-01 1.6753555211e-03 -4.6166371255e-04
   endloop
 endfacet
 facet normal  1.9443161216e-01 9.7215806082e-01 -1.3078628739e-01
   outer loop
     vertex 9.9257320649e-01 1.4853587019e-03 0.0000000000e+00
     vertex 9.9131267987e-01 1.6753555211e-03 -4.6166371255e-04
     vertex 9.9131267987e-01 1.7374640253e-03 0.0000000000e+00
   endloop
 endfacet
 facet normal  1.9443161216e-01 9.7215806082e-01 -1.3078628739e-01
   outer loop
     vertex 9.9131267987e-01 1.7374640253e-03 0.0000000000e+00
     vertex 9.9131267987e-01 1.6753555211e-03 -4.6166371255e-04
     vertex 9.8985845559e-01 1.9558036518e-03 -5.3894445896e-04
   endloop
 endfacet
 facet normal  1.9443161216e-01 9.7215806082e-01 -1.3078628739e-01
   outer loop
     vertex 9.9131267987e-01 1.7374640253e-03 0.0000000000e+00
     vertex 9.8985845559e-01 1.9558036518e-03 -5.3894445896e-04
     vertex 9.8985845559e-01 2.0283088829e-03 0.0000000000e+00
   endloop
 endfacet
 facet normal  1.9443161216e-01 9.7215806082e-01 -1.3078628739e-01
   outer loop
     vertex 9.8985845559e-01 2.0283088829e-03 0.0000000000e+00
     vertex 9.8985845559e-01 1.9558036518e-03 -5.3894445896e-04
     vertex 9.8818148133e-01 2.2792092639e-03 -6.2806263934e-04
   endloop
 endfacet
 facet normal  1.9443161216e-01 9.7215806082e-01 -1.3078628739e-01
   outer loop
     vertex 9.8985845559e-01 2.0283088829e-03 0.0000000000e+00
     vertex 9.8818148133e-01 2.2792092639e-03 -6.2806263934e-04
     vertex 9.8818148133e-01 2.3637037346e-03 0.0000000000e+00
   endloop
 endfacet
 facet normal  1.9443161216e-01 9.7215806082e-01 -1.3078628739e-01
   outer loop
     vertex 9.8818148133e-01 2.3637037346e-03 0.0000000000e+00
     vertex 9.8818148133e-01 2.2792092639e-03 -6.2806263934e-04
     vertex 9.8624858396e-01 2.6519698189e-03 -7.3078114867e-04
   endloop
 endfacet
 facet normal  1.9443161216e-01 9.7215806082e-01 -1.3078628739e-01
   outer loop
     vertex 9.8818148133e-01 2.3637037346e-03 0.0000000000e+00
     vertex 9.8624858396e-01 2.6519698189e-03 -7.3078114867e-04
     vertex 9.8624858396e-01 2.7502832076e-03 0.0000000000e+00
   endloop
 endfacet
 facet normal  1.9443161216e-01 9.7215806082e-01 -1.3078628739e-01
   outer loop
     vertex 9.8624858396e-01 2.7502832076e-03 0.0000000000e+00
     vertex 9.8624858396e-01 2.6519698189e-03 -7.3078114867e-04
     vertex 9.8402196373e-01 3.0813750256e-03 -8.4910875105e-04
   endloop
 endfacet
 facet normal  1.9443161216e-01 9.7215806082e-01 -1.3078628739e-01
   outer loop
     vertex 9.8624858396e-01 2.7502832076e-03 0.0000000000e+00
     vertex 9.8402196373e-01 3.0813750256e-03 -8.4910875105e-04
     vertex 9.8402196373e-01 3.1956072535e-03 0.0000000000e+00
   endloop
 endfacet
 facet normal  1.9443161216e-01 9.7215806082e-01 -1.3078628739e-01
   outer loop
     vertex 9.8402196373e-01 3.1956072535e-03 0.0000000000e+00
     vertex 9.8402196373e-01 3.0813750256e-03 -8.4910875105e-04
     vertex 9.8145865309e-01 3.5757112054e-03 -9.8532883875e-04
   endloop
 endfacet
 facet normal  1.9443161216e-01 9.7215806082e-01 -1.3078628739e-01
   outer loop
     vertex 9.8402196373e-01 3.1956072535e-03 0.0000000000e+00
     vertex 9.8145865309e-01 3.5757112054e-03 -9.8532883875e-04
     vertex 9.8145865309e-01 3.7082693828e-03 0.0000000000e+00
   endloop
 endfacet
 facet normal  1.9443161216e-01 9.7215806082e-01 -1.3078628739e-01
   outer loop
     vertex 9.8145865309e-01 3.7082693828e-03 0.0000000000e+00
     vertex 9.8145865309e-01 3.5757112054e-03 -9.8532883875e-04
     vertex 9.7850994758e-01 4.1443710428e-03 -1.1420296753e-03
   endloop
 endfacet
 facet normal  1.9443161216e-01 9.7215806082e-01 -1.3078628739e-01
   outer loop
     vertex 9.8145865309e-01 3.7082693828e-03 0.0000000000e+00
     vertex 9.7850994758e-01 4.1443710428e-03 -1.1420296753e-03
     vertex 9.7850994758e-01 4.2980104841e-03 0.0000000000e+00
   endloop
 endfacet
 facet normal  1.9443161216e-01 9.7215806082e-01 -1.3078628739e-01
   outer loop
     vertex 9.7850994758e-01 4.2980104841e-03 0.0000000000e+00
     vertex 9.7850994758e-01 4.1443710428e-03 -1.1420296753e-03
     vertex 9.7512082095e-01 4.7979663902e-03 -1.3221354802e-03
   endloop
 endfacet
 facet normal  1.9443161216e-01 9.7215806082e-01 -1.3078628739e-01
   outer loop
     vertex 9.7850994758e-01 4.2980104841e-03 0.0000000000e+00
     vertex 9.7512082095e-01 4.7979663902e-03 -1.3221354802e-03
     vertex 9.7512082095e-01 4.9758358106e-03 0.0000000000e+00
   endloop
 endfacet
 facet normal  1.9443161216e-01 9.7215806082e-01 -1.3078628739e-01
   outer loop
     vertex 9.7512082095e-01 4.9758358106e-03 0.0000000000e+00
     vertex 9.7512082095e-01 4.7979663902e-03 -1.3221354802e-03
     vertex 9.7122934250e-01 5.5484406227e-03 -1.5289373894e-03
   endloop
 endfacet
 facet normal  1.9443161216e-01 9.7215806082e-01 -1.3078628739e-01
   outer loop
     vertex 9.7512082095e-01 4.9758358106e-03 0.0000000000e+00
     vertex 9.7122934250e-01 5.5484406227e-03 -1.5289373894e-03
     vertex 9.7122934250e-01 5.7541315005e-03 0.0000000000e+00
   endloop
 endfacet
 facet normal  1.9443161216e-01 9.7215806082e-01 -1.3078628739e-01
   outer loop
     vertex 9.7122934250e-01 5.7541315005e-03 0.0000000000e+00
     vertex 9.7122934250e-01 5.5484406227e-03 -1.5289373894e-03
     vertex 9.6676612280e-01 6.4091755399e-03 -1.7661229135e-03
   endloop
 endfacet
 facet normal  1.9443161216e-01 9.7215806082e-01 -1.3078628739e-01
   outer loop
     vertex 9.7122934250e-01 5.7541315005e-03 0.0000000000e+00
     vertex 9.6676612280e-01 6.4091755399e-03 -1.7661229135e-03
     vertex 9.6676612280e-01 6.6467754409e-03 0.0000000000e+00
   endloop
 endfacet
 facet normal  1.9443161216e-01 9.7215806082e-01 -1.3078628739e-01
   outer loop
     vertex 9.6676612280e-01 6.6467754409e-03 0.0000000000e+00
     vertex 9.6676612280e-01 6.4091755399e-03 -1.7661229135e-03
     vertex 9.6165382328e-01 7.3950859343e-03 -2.0378019973e-03
   endloop
 endfacet
 facet normal  1.9443161216e-01 9.7215806082e-01 -1.3078628739e-01
   outer loop
     vertex 9.6676612280e-01 6.6467754409e-03 0.0000000000e+00
     vertex 9.6165382328e-01 7.3950859343e-03 -2.0378019973e-03
     vertex 9.6165382328e-01 7.6692353432e-03 0.0000000000e+00
   endloop
 endfacet
 facet normal  1.9443161216e-01 9.7215806082e-01 -1.3078628739e-01
   outer loop
     vertex 9.6165382328e-01 7.6692353432e-03 0.0000000000e+00
     vertex 9.6165382328e-01 7.3950859343e-03 -2.0378019973e-03
     vertex 9.5580677733e-01 8.5226926743e-03 -2.3485271582e-03
   endloop
 endfacet
 facet normal  1.9443161216e-01 9.7215806082e-01 -1.3078628739e-01
   outer loop
     vertex 9.6165382328e-01 7.6692353432e-03 0.0000000000e+00
     vertex 9.5580677733e-01 8.5226926743e-03 -2.3485271582e-03
     vertex 9.5580677733e-01 8.8386445346e-03 0.0000000000e+00
   endloop
 endfacet
 facet normal  1.9443161216e-01 9.7215806082e-01 -1.3078628739e-01
   outer loop
     vertex 9.5580677733e-01 8.8386445346e-03 0.0000000000e+00
     vertex 9.5580677733e-01 8.5226926743e-03 -2.3485271582e-03
     vertex 9.4913078399e-01 9.8101624726e-03 -2.7033044454e-03
   endloop
 endfacet
 facet normal  1.9443161216e-01 9.7215806082e-01 -1.3078628739e-01
   outer loop
     vertex 9.5580677733e-01 8.8386445346e-03 0.0000000000e+00
     vertex 9.4913078399e-01 9.8101624726e-03 -2.7033044454e-03
     vertex 9.4913078399e-01 1.0173843201e-02 0.0000000000e+00
   endloop
 endfacet
 facet normal  1.9443161216e-01 9.7215806082e-01 -1.3078628739e-01
   outer loop
     vertex 9.4913078399e-01 1.0173843201e-02 0.0000000000e+00
     vertex 9.4913078399e-01 9.8101624726e-03 -2.7033044454e-03
     vertex 9.4152315152e-01 1.1277299505e-02 -3.1075911301e-03
   endloop
 endfacet
 facet normal  1.9443161216e-01 9.7215806082e-01 -1.3078628739e-01
   outer loop
     vertex 9.4913078399e-01 1.0173843201e-02 0.0000000000e+00
     vertex 9.4152315152e-01 1.1277299505e-02 -3.1075911301e-03
     vertex 9.4152315152e-01 1.1695369697e-02 0.0000000000e+00
   endloop
 endfacet
 facet normal  1.9443161216e-01 9.7215806082e-01 -1.3078628739e-01
   outer loop
     vertex 9.4152315152e-01 1.1695369697e-02 0.0000000000e+00
     vertex 9.4152315152e-01 1.1277299505e-02 -3.1075911301e-03
     vertex 9.3287308393e-01 1.2945470848e-02 -3.5672751587e-03
   endloop
 endfacet
 facet normal  1.9443161216e-01 9.7215806082e-01 -1.3078628739e-01
   outer loop
     vertex 9.4152315152e-01 1.1695369697e-02 0.0000000000e+00
     vertex 9.3287308393e-01 1.2945470848e-02 -3.5672751587e-03
     vertex 9.3287308393e-01 1.3425383213e-02 0.0000000000e+00
   endloop
 endfacet
 facet normal  1.9443161216e-01 9.7215806082e-01 -1.3078628739e-01
   outer loop
     vertex 9.3287308393e-01 1.3425383213e-02 0.0000000000e+00
     vertex 9.3287308393e-01 1.2945470848e-02 -3.5672751587e-03
     vertex 9.2306252058e-01 1.4837444580e-02 -4.0886305403e-03
   endloop
 endfacet
 facet normal  1.9443161216e-01 9.7215806082e-01 -1.3078628739e-01
   outer loop
     vertex 9.3287308393e-01 1.3425383213e-02 0.0000000000e+00
     vertex 9.2306252058e-01 1.4837444580e-02 -4.0886305403e-03
     vertex 9.2306252058e-01 1.5387495884e-02 0.0000000000e+00
   endloop
 endfacet
 facet normal  1.9443161216e-01 9.7215806082e-01 -1.3078628739e-01
   outer loop
     vertex 9.2306252058e-01 1.5387495884e-02 0.0000000000e+00
     vertex 9.2306252058e-01 1.4837444580e-02 -4.0886305403e-03
     vertex 9.1196755153e-01 1.6977116814e-02 -4.6782421271e-03
   endloop
 endfacet
 facet normal  1.9443161216e-01 9.7215806082e-01 -1.3078628739e-01
   outer loop
     vertex 9.2306252058e-01 1.5387495884e-02 0.0000000000e+00
     vertex 9.1196755153e-01 1.6977116814e-02 -4.6782421271e-03
     vertex 9.1196755153e-01 1.7606489695e-02 0.0000000000e+00
   endloop
 endfacet
 facet normal  1.9443161216e-01 9.7215806082e-01 -1.3078628739e-01
   outer loop
     vertex 9.1196755153e-01 1.7606489695e-02 0.0000000000e+00
     vertex 9.1196755153e-01 1.6977116814e-02 -4.6782421271e-03
     vertex 8.9946053952e-01 1.9389102480e-02 -5.3428928493e-03
   endloop
 endfacet
 facet normal  1.9443161216e-01 9.7215806082e-01 -1.3078628739e-01
   outer loop
     vertex 9.1196755153e-01 1.7606489695e-02 0.0000000000e+00
     vertex 8.9946053952e-01 1.9389102480e-02 -5.3428928493e-03
     vertex 8.9946053952e-01 2.0107892096e-02 0.0000000000e+00
   endloop
 endfacet
 facet normal  1.9443161216e-01 9.7215806082e-01 -1.3078628739e-01
   outer loop
     vertex 8.9946053952e-01 2.0107892096e-02 0.0000000000e+00
     vertex 8.9946053952e-01 1.9389102480e-02 -5.3428928493e-03
     vertex 8.8541307592e-01 2.2098165269e-02 -6.0894066303e-03
   endloop
 endfacet
 facet normal  1.9443161216e-01 9.7215806082e-01 -1.3078628739e-01
   outer loop
     vertex 8.9946053952e-01 2.0107892096e-02 0.0000000000e+00
     vertex 8.8541307592e-01 2.2098165269e-02 -6.0894066303e-03
     vertex 8.8541307592e-01 2.2917384815e-02 0.0000000000e+00
   endloop
 endfacet
 facet normal  1.9443161216e-01 9.7215806082e-01 -1.3078628739e-01
   outer loop
     vertex 8.8541307592e-01 2.2917384815e-02 0.0000000000e+00
     vertex 8.8541307592e-01 2.2098165269e-02 -6.0894066303e-03
     vertex 8.6969987910e-01 2.5128465829e-02 -6.9244412181e-03
   endloop
 endfacet
 facet normal  1.9443161216e-01 9.7215806082e-01 -1.3078628739e-01
   outer loop
     vertex 8.8541307592e-01 2.2917384815e-02 0.0000000000e+00
     vertex 8.6969987910e-01 2.5128465829e-02 -6.9244412181e-03
     vertex 8.6969987910e-01 2.6060024179e-02 0.0000000000e+00
   endloop
 endfacet
 facet normal  1.9443161216e-01 9.7215806082e-01 -1.3078628739e-01
   outer loop
     vertex 8.6969987910e-01 2.6060024179e-02 0.0000000000e+00
     vertex 8.6969987910e-01 2.5128465829e-02 -6.9244412181e-03
     vertex 8.5220370245e-01 2.8502615248e-02 -7.8542273607e-03
   endloop
 endfacet
 facet normal  1.9443161216e-01 9.7215806082e-01 -1.3078628739e-01
   outer loop
     vertex 8.6969987910e-01 2.6060024179e-02 0.0000000000e+00
     vertex 8.5220370245e-01 2.8502615248e-02 -7.8542273607e-03
     vertex 8.5220370245e-01 2.9559259510e-02 0.0000000000e+00
   endloop
 endfacet
 facet normal  1.9443161216e-01 9.7215806082e-01 -1.3078628739e-01
   outer loop
     vertex 8.5220370245e-01 2.9559259510e-02 0.0000000000e+00
     vertex 8.5220370245e-01 2.8502615248e-02 -7.8542273607e-03
     vertex 8.3282125030e-01 3.2240534163e-02 -8.8842544215e-03
   endloop
 endfacet
 facet normal  1.9443161216e-01 9.7215806082e-01 -1.3078628739e-01
   outer loop
     vertex 8.5220370245e-01 2.9559259510e-02 0.0000000000e+00
     vertex 8.3282125030e-01 3.2240534163e-02 -8.8842544215e-03
     vertex 8.3282125030e-01 3.3435749940e-02 0.0000000000e+00
   endloop
 endfacet
 facet normal  1.9443161216e-01 9.7215806082e-01 -1.3078628739e-01
   outer loop
     vertex 8.3282125030e-01 3.3435749940e-02 0.0000000000e+00
     vertex 8.3282125030e-01 3.2240534163e-02 -8.8842544215e-03
     vertex 8.1146999914e-01 3.6358137289e-02 -1.0018907886e-02
   endloop
 endfacet
 facet normal  1.9443161216e-01 9.7215806082e-01 -1.3078628739e-01
   outer loop
     vertex 8.3282125030e-01 3.3435749940e-02 0.0000000000e+00
     vertex 8.1146999914e-01 3.6358137289e-02 -1.0018907886e-02
     vertex 8.1146999914e-01 3.7706000172e-02 0.0000000000e+00
   endloop
 endfacet
 facet normal  1.9443161216e-01 9.7215806082e-01 -1.3078628739e-01
   outer loop
     vertex 8.1146999914e-01 3.7706000172e-02 0.0000000000e+00
     vertex 8.1146999914e-01 3.6358137289e-02 -1.0018907886e-02
     vertex 7.8809568940e-01 4.0865888621e-02 -1.1261071229e-02
   endloop
 endfacet
 facet normal  1.9443161216e-01 9.7215806082e-01 -1.3078628739e-01
   outer loop
     vertex 8.1146999914e-01 3.7706000172e-02 0.0000000000e+00
     vertex 7.8809568940e-01 4.0865888621e-02 -1.1261071229e-02
     vertex 7.8809568940e-01 4.2380862119e-02 0.0000000000e+00
   endloop
 endfacet
 facet normal  1.9443161216e-01 9.7215806082e-01 -1.3078628739e-01
   outer loop
     vertex 7.8809568940e-01 4.2380862119e-02 0.0000000000e+00
     vertex 7.8809568940e-01 4.0865888621e-02 -1.1261071229e-02
     vertex 7.6268009700e-01 4.5767302685e-02 -1.2611712920e-02
   endloop
 endfacet
 facet normal  1.9443161216e-01 9.7215806082e-01 -1.3078628739e-01
   outer loop
     vertex 7.8809568940e-01 4.2380862119e-02 0.0000000000e+00
     vertex 7.6268009700e-01 4.5767302685e-02 -1.2611712920e-02
     vertex 7.6268009700e-01 4.7463980599e-02 0.0000000000e+00
   endloop
 endfacet
 facet normal  1.9443161216e-01 9.7215806082e-01 -1.3078628739e-01
   outer loop
     vertex 7.6268009700e-01 4.7463980599e-02 0.0000000000e+00
     vertex 7.6268009700e-01 4.5767302685e-02 -1.2611712920e-02
     vertex 7.3524852904e-01 5.2950294193e-02 0.0000000000e+00
   endloop
 endfacet
 facet normal  1.9443161216e-01 9.7215806082e-01 -1.3078628739e-01
   outer loop
     vertex 7.6268009700e-01 4.5767302685e-02 -1.2611712920e-02
     vertex 7.3524852904e-01 5.1057498992e-02 -1.4069488082e-02
     vertex 7.3524852904e-01 5.2950294193e-02 0.0000000000e+00
   endloop
 endfacet
 facet normal  1.9443161216e-01 9.7215806082e-01 -1.3078628739e-01
   outer loop
     vertex 7.3524852904e-01 5.2950294193e-02 0.0000000000e+00
     vertex 7.3524852904e-01 5.1057498992e-02 -1.4069488082e-02
     vertex 7.0587634150e-01 5.8824731699e-02 0.0000000000e+00
   endloop
 endfacet
 facet normal  1.9443161216e-01 9.7215806082e-01 -1.3078628739e-01
   outer loop
     vertex 7.3524852904e-01 5.1057498992e-02 -1.4069488082e-02
     vertex 7.0587634150e-01 5.6721945085e-02 -1.5630392129e-02
     vertex 7.0587634150e-01 5.8824731699e-02 0.0000000000e+00
   endloop
 endfacet
 facet normal  1.9443161216e-01 9.7215806082e-01 -1.3078628739e-01
   outer loop
     vertex 7.0587634150e-01 5.8824731699e-02 0.0000000000e+00
     vertex 7.0587634150e-01 5.6721945085e-02 -1.5630392129e-02
     vertex 6.7469368205e-01 6.5061263590e-02 0.0000000000e+00
   endloop
 endfacet
 facet normal  1.9443161216e-01 9.7215806082e-01 -1.3078628739e-01
   outer loop
     vertex 7.0587634150e-01 5.6721945085e-02 -1.5630392129e-02
     vertex 6.7469368205e-01 6.2735541904e-02 -1.7287508722e-02
     vertex 6.7469368205e-01 6.5061263590e-02 0.0000000000e+00
   endloop
 endfacet
 facet normal  1.9443161216e-01 9.7215806082e-01 -1.3078628739e-01
   outer loop
     vertex 6.7469368205e-01 6.5061263590e-02 0.0000000000e+00
     vertex 6.7469368205e-01 6.2735541904e-02 -1.7287508722e-02
     vertex 6.4188765515e-01 7.1622468970e-02 0.0000000000e+00
   endloop
 endfacet
 facet normal  1.9443161216e-01 9.7215806082e-01 -1.3078628739e-01
   outer loop
     vertex 6.7469368205e-01 6.2735541904e-02 -1.7287508722e-02
     vertex 6.4188765515e-01 6.9062206226e-02 -1.9030894709e-02
     vertex 6.4188765515e-01 7.1622468970e-02 0.0000000000e+00
   endloop
 endfacet
 facet normal  1.9443161216e-01 9.7215806082e-01 -1.3078628739e-01
   outer loop
     vertex 6.4188765515e-01 7.1622468970e-02 0.0000000000e+00
     vertex 6.4188765515e-01 6.9062206226e-02 -1.9030894709e-02
     vertex 6.0770122180e-01 7.8459755639e-02 0.0000000000e+00
   endloop
 endfacet
 facet normal  1.9443161216e-01 9.7215806082e-01 -1.3078628739e-01
   outer loop
     vertex 6.4188765515e-01 6.9062206226e-02 -1.9030894709e-02
     vertex 6.0770122180e-01 7.5655082857e-02 -2.0847638597e-02
     vertex 6.0770122180e-01 7.8459755639e-02 0.0000000000e+00
   endloop
 endfacet
 facet normal  1.9443161216e-01 9.7215806082e-01 -1.3078628739e-01
   outer loop
     vertex 6.0770122180e-01 7.8459755639e-02 0.0000000000e+00
     vertex 6.0770122180e-01 7.5655082857e-02 -2.0847638597e-02
     vertex 5.7242839479e-01 8.5514321041e-02 0.0000000000e+00
   endloop
 endfacet
 facet normal  1.9443161216e-01 9.7215806082e-01 -1.3078628739e-01
   outer loop
     vertex 6.0770122180e-01 7.5655082857e-02 -2.0847638597e-02
     vertex 5.7242839479e-01 8.2457471237e-02 -2.2722115885e-02
     vertex 5.7242839479e-01 8.5514321041e-02 0.0000000000e+00
   endloop
 endfacet
 facet normal  1.9443161216e-01 9.7215806082e-01 -1.3078628739e-01
   outer loop
     vertex 5.7242839479e-01 8.5514321041e-02 0.0000000000e+00
     vertex 5.7242839479e-01 8.2457471237e-02 -2.2722115885e-02
     vertex 5.3640566011e-01 9.2718867978e-02 0.0000000000e+00
   endloop
 endfacet
 facet normal  1.9443161216e-01 9.7215806082e-01 -1.3078628739e-01
   outer loop
     vertex 5.7242839479e-01 8.2457471237e-02 -2.2722115885e-02
     vertex 5.3640566011e-01 8.9404479814e-02 -2.4636444951e-02
     vertex 5.3640566011e-01 9.2718867978e-02 0.0000000000e+00
   endloop
 endfacet
 facet normal  1.9443161216e-01 9.7215806082e-01 -1.3078628739e-01
   outer loop
     vertex 5.3640566011e-01 9.2718867978e-02 0.0000000000e+00
     vertex 5.3640566011e-01 8.9404479814e-02 -2.4636444951e-02
     vertex 5.0000000000e-01 1.0000000000e-01 0.0000000000e+00
   endloop
 endfacet
 facet normal  1.9443161216e-01 9.7215806082e-01 -1.3078628739e-01
   outer loop
     vertex 5.3640566011e-01 8.9404479814e-02 -2.4636444951e-02
     vertex 5.0000000000e-01 9.6425335818e-02 -2.6571123536e-02
     vertex 5.0000000000e-01 1.0000000000e-01 0.0000000000e+00
   endloop
 endfacet
 facet normal  -1.9443161216e-01 9.7215806082e-01 -1.3078628739e-01
   outer loop
     vertex 5.0000000000e-01 1.0000000000e-01 0.0000000000e+00
     vertex 5.0000000000e-01 9.6425335818e-02 -2.6571123536e-02
     vertex 4.6359433989e-01 8.9404479814e-02 -2.4636444951e-02
   endloop
 endfacet
 facet normal  -1.9443161216e-01 9.7215806082e-01 -1.3078628739e-01
   outer loop
     vertex 5.0000000000e-01 1.0000000000e-01 0.0000000000e+00
     vertex 4.6359433989e-01 8.9404479814e-02 -2.4636444951e-02
     vertex 4.6359433989e-01 9.2718867978e-02 0.0000000000e+00
   endloop
 endfacet
 facet normal  -1.9443161216e-01 9.7215806082e-01 -1.3078628739e-01
   outer loop
     vertex 4.6359433989e-01 9.2718867978e-02 0.0000000000e+00
     vertex 4.6359433989e-01 8.9404479814e-02 -2.4636444951e-02
     vertex 4.2757160521e-01 8.2457471237e-02 -2.2722115885e-02
   endloop
 endfacet
 facet normal  -1.9443161216e-01 9.7215806082e-01 -1.3078628739e-01
   outer loop
     vertex 4.6359433989e-01 9.2718867978e-02 0.0000000000e+00
     vertex 4.2757160521e-01 8.2457471237e-02 -2.2722115885e-02
     vertex 4.2757160521e-01 8.5514321041e-02 0.0000000000e+00
   endloop
 endfacet
 facet normal  -1.9443161216e-01 9.7215806082e-01 -1.3078628739e-01
   outer loop
     vertex 4.2757160521e-01 8.5514321041e-02 0.0000000000e+00
     vertex 4.2757160521e-01 8.2457471237e-02 -2.2722115885e-02
     vertex 3.9229877820e-01 7.5655082857e-02 -2.0847638597e-02
   endloop
 endfacet
 facet normal  -1.9443161216e-01 9.7215806082e-01 -1.3078628739e-01
   outer loop
     vertex 4.2757160521e-01 8.5514321041e-02 0.0000000000e+00
     vertex 3.9229877820e-01 7.5655082857e-02 -2.0847638597e-02
     vertex 3.9229877820e-01 7.8459755639e-02 0.0000000000e+00
   endloop
 endfacet
 facet normal  -1.9443161216e-01 9.7215806082e-01 -1.3078628739e-01
   outer loop
     vertex 3.9229877820e-01 7.8459755639e-02 0.0000000000e+00
     vertex 3.9229877820e-01 7.5655082857e-02 -2.0847638597e-02
     vertex 3.5811234485e-01 6.9062206226e-02 -1.9030894709e-02
   endloop
 endfacet
 facet normal  -1.9443161216e-01 9.7215806082e-01 -1.3078628739e-01
   outer loop
     vertex 3.9229877820e-01 7.8459755639e-02 0.0000000000e+00
     vertex 3.5811234485e-01 6.9062206226e-02 -1.9030894709e-02
     vertex 3.5811234485e-01 7.1622468970e-02 0.0000000000e+00
   endloop
 endfacet
 facet normal  -1.9443161216e-01 9.7215806082e-01 -1.3078628739e-01
   outer loop
     vertex 3.5811234485e-01 7.1622468970e-02 0.0000000000e+00
     vertex 3.5811234485e-01 6.9062206226e-02 -1.9030894709e-02
     vertex 3.2530631795e-01 6.2735541904e-02 -1.7287508722e-02
   endloop
 endfacet
 facet normal  -1.9443161216e-01 9.7215806082e-01 -1.3078628739e-01
   outer loop
     vertex 3.5811234485e-01 7.1622468970e-02 0.0000000000e+00
     vertex 3.2530631795e-01 6.2735541904e-02 -1.7287508722e-02
     vertex 3.2530631795e-01 6.5061263590e-02 0.0000000000e+00
   endloop
 endfacet
 facet normal  -1.9443161216e-01 9.7215806082e-01 -1.3078628739e-01
   outer loop
     vertex 3.2530631795e-01 6.5061263590e-02 0.0000000000e+00
     vertex 3.2530631795e-01 6.2735541904e-02 -1.7287508722e-02
     vertex 2.9412365850e-01 5.6721945085e-02 -1.5630392129e-02
   endloop
 endfacet
 facet normal  -1.9443161216e-01 9.7215806082e-01 -1.3078628739e-01
   outer loop
     vertex 3.2530631795e-01 6.5061263590e-02 0.0000000000e+00
     vertex 2.9412365850e-01 5.6721945085e-02 -1.5630392129e-02
     vertex 2.9412365850e-01 5.8824731699e-02 0.0000000000e+00
   endloop
 endfacet
 facet normal  -1.9443161216e-01 9.7215806082e-01 -1.3078628739e-01
   outer loop
     vertex 2.9412365850e-01 5.8824731699e-02 0.0000000000e+00
     vertex 2.9412365850e-01 5.6721945085e-02 -1.5630392129e-02
     vertex 2.6475147096e-01 5.1057498992e-02 -1.4069488082e-02
   endloop
 endfacet
 facet normal  -1.9443161216e-01 9.7215806082e-01 -1.3078628739e-01
   outer loop
     vertex 2.9412365850e-01 5.8824731699e-02 0.0000000000e+00
     vertex 2.6475147096e-01 5.1057498992e-02 -1.4069488082e-02
     vertex 2.6475147096e-01 5.2950294193e-02 0.0000000000e+00
   endloop
 endfacet
 facet normal  -1.9443161216e-01 9.7215806082e-01 -1.3078628739e-01
   outer loop
     vertex 2.6475147096e-01 5.2950294193e-02 0.0000000000e+00
     vertex 2.6475147096e-01 5.1057498992e-02 -1.4069488082e-02
     vertex 2.3731990300e-01 4.5767302685e-02 -1.2611712920e-02
   endloop
 endfacet
 facet normal  -1.9443161216e-01 9.7215806082e-01 -1.3078628739e-01
   outer loop
     vertex 2.6475147096e-01 5.2950294193e-02 0.0000000000e+00
     vertex 2.3731990300e-01 4.5767302685e-02 -1.2611712920e-02
     vertex 2.3731990300e-01 4.7463980599e-02 0.0000000000e+00
   endloop
 endfacet
 facet normal  -1.9443161216e-01 9.7215806082e-01 -1.3078628739e-01
   outer loop
     vertex 2.3731990300e-01 4.7463980599e-02 0.0000000000e+00
     vertex 2.3731990300e-01 4.5767302685e-02 -1.2611712920e-02
     vertex 2.1190431060e-01 4.2380862119e-02 0.0000000000e+00
   endloop
 endfacet
 facet normal  -1.9443161216e-01 9.7215806082e-01 -1.3078628739e-01
   outer loop
     vertex 2.3731990300e-01 4.5767302685e-02 -1.2611712920e-02
     vertex 2.1190431060e-01 4.0865888621e-02 -1.1261071229e-02
     vertex 2.1190431060e-01 4.2380862119e-02 0.0000000000e+00
   endloop
 endfacet
 facet normal  -1.9443161216e-01 9.7215806082e-01 -1.3078628739e-01
   outer loop
     vertex 2.1190431060e-01 4.2380862119e-02 0.0000000000e+00
     vertex 2.1190431060e-01 4.0865888621e-02 -1.1261071229e-02
     vertex 1.8853000086e-01 3.7706000172e-02 0.0000000000e+00
   endloop
 endfacet
 facet normal  -1.9443161216e-01 9.7215806082e-01 -1.3078628739e-01
   outer loop
     vertex 2.1190431060e-01 4.0865888621e-02 -1.1261071229e-02
     vertex 1.8853000086e-01 3.6358137289e-02 -1.0018907886e-02
     vertex 1.8853000086e-01 3.7706000172e-02 0.0000000000e+00
   endloop
 endfacet
 facet normal  -1.9443161216e-01 9.7215806082e-01 -1.3078628739e-01
   outer loop
     vertex 1.8853000086e-01 3.7706000172e-02 0.0000000000e+00
     vertex 1.8853000086e-01 3.6358137289e-02 -1.0018907886e-02
     vertex 1.6717874970e-01 3.3435749940e-02 0.0000000000e+00
   endloop
 endfacet
 facet normal  -1.9443161216e-01 9.7215806082e-01 -1.3078628739e-01
   outer loop
     vertex 1.8853000086e-01 3.6358137289e-02 -1.0018907886e-02
     vertex 1.6717874970e-01 3.2240534163e-02 -8.8842544215e-03
     vertex 1.6717874970e-01 3.3435749940e-02 0.0000000000e+00
   endloop
 endfacet
 facet normal  -1.9443161216e-01 9.7215806082e-01 -1.3078628739e-01
   outer loop
     vertex 1.6717874970e-01 3.3435749940e-02 0.0000000000e+00
     vertex 1.6717874970e-01 3.2240534163e-02 -8.8842544215e-03
     vertex 1.4779629755e-01 2.9559259510e-02 0.0000000000e+00
   endloop
 endfacet
 facet normal  -1.9443161216e-01 9.7215806082e-01 -1.3078628739e-01
   outer loop
     vertex 1.6717874970e-01 3.2240534163e-02 -8.8842544215e-03
     vertex 1.4779629755e-01 2.8502615248e-02 -7.8542273607e-03
     vertex 1.4779629755e-01 2.9559259510e-02 0.0000000000e+00
   endloop
 endfacet
 facet normal  -1.9443161216e-01 9.7215806082e-01 -1.3078628739e-01
   outer loop
     vertex 1.4779629755e-01 2.9559259510e-02 0.0000000000e+00
     vertex 1.4779629755e-01 2.8502615248e-02 -7.8542273607e-03
     vertex 1.3030012090e-01 2.6060024179e-02 0.0000000000e+00
   endloop
 endfacet
 facet normal  -1.9443161216e-01 9.7215806082e-01 -1.3078628739e-01
   outer loop
     vertex 1.4779629755e-01 2.8502615248e-02 -7.8542273607e-03
     vertex 1.3030012090e-01 2.5128465829e-02 -6.9244412181e-03
     vertex 1.3030012090e-01 2.6060024179e-02 0.0000000000e+00
   endloop
 endfacet
 facet normal  -1.9443161216e-01 9.7215806082e-01 -1.3078628739e-01
   outer loop
     vertex 1.3030012090e-01 2.6060024179e-02 0.0000000000e+00
     vertex 1.3030012090e-01 2.5128465829e-02 -6.9244412181e-03
     vertex 1.1458692408e-01 2.2917384815e-02 0.0000000000e+00
   endloop
 endfacet
 facet normal  -1.9443161216e-01 9.7215806082e-01 -1.3078628739e-01
   outer loop
     vertex 1.3030012090e-01 2.5128465829e-02 -6.9244412181e-03
     vertex 1.1458692408e-01 2.2098165269e-02 -6.0894066303e-03
     vertex 1.1458692408e-01 2.2917384815e-02 0.0000000000e+00
   endloop
 endfacet
 facet normal  -1.9443161216e-01 9.7215806082e-01 -1.3078628739e-01
   outer loop
     vertex 1.1458692408e-01 2.2917384815e-02 0.0000000000e+00
     vertex 1.1458692408e-01 2.2098165269e-02 -6.0894066303e-03
     vertex 1.0053946048e-01 2.0107892096e-02 0.0000000000e+00
   endloop
 endfacet
 facet normal  -1.9443161216e-01 9.7215806082e-01 -1.3078628739e-01
   outer loop
     vertex 1.1458692408e-01 2.2098165269e-02 -6.0894066303e-03
     vertex 1.0053946048e-01 1.9389102480e-02 -5.3428928493e-03
     vertex 1.0053946048e-01 2.0107892096e-02 0.0000000000e+00
   endloop
 endfacet
 facet normal  -1.9443161216e-01 9.7215806082e-01 -1.3078628739e-01
   outer loop
     vertex 1.0053946048e-01 2.0107892096e-02 0.0000000000e+00
     vertex 1.0053946048e-01 1.9389102480e-02 -5.3428928493e-03
     vertex 8.8032448474e-02 1.7606489695e-02 0.0000000000e+00
   endloop
 endfacet
 facet normal  -1.9443161216e-01 9.7215806082e-01 -1.3078628739e-01
   outer loop
     vertex 1.0053946048e-01 1.9389102480e-02 -5.3428928493e-03
     vertex 8.8032448474e-02 1.6977116814e-02 -4.6782421271e-03
     vertex 8.8032448474e-02 1.7606489695e-02 0.0000000000e+00
   endloop
 endfacet
 facet normal  -1.9443161216e-01 9.7215806082e-01 -1.3078628739e-01
   outer loop
     vertex 8.8032448474e-02 1.7606489695e-02 0.0000000000e+00
     vertex 8.8032448474e-02 1.6977116814e-02 -4.6782421271e-03
     vertex 7.6937479419e-02 1.5387495884e-02 0.0000000000e+00
   endloop
 endfacet
 facet normal  -1.9443161216e-01 9.7215806082e-01 -1.3078628739e-01
   outer loop
     vertex 8.8032448474e-02 1.6977116814e-02 -4.6782421271e-03
     vertex 7.6937479419e-02 1.4837444580e-02 -4.0886305403e-03
     vertex 7.6937479419e-02 1.5387495884e-02 0.0000000000e+00
   endloop
 endfacet
 facet normal  -1.9443161216e-01 9.7215806082e-01 -1.3078628739e-01
   outer loop
     vertex 7.6937479419e-02 1.5387495884e-02 0.0000000000e+00
     vertex 7.6937479419e-02 1.4837444580e-02 -4.0886305403e-03
     vertex 6.7126916067e-02 1.3425383213e-02 0.0000000000e+00
   endloop
 endfacet
 facet normal  -1.9443161216e-01 9.7215806082e-01 -1.3078628739e-01
   outer loop
     vertex 7.6937479419e-02 1.4837444580e-02 -4.0886305403e-03
     vertex 6.7126916067e-02 1.2945470848e-02 -3.5672751587e-03
     vertex 6.7126916067e-02 1.3425383213e-02 0.0000000000e+00
   endloop
 endfacet
 facet normal  -1.9443161216e-01 9.7215806082e-01 -1.3078628739e-01
   outer loop
     vertex 6.7126916067e-02 1.3425383213e-02 0.0000000000e+00
     vertex 6.7126916067e-02 1.2945470848e-02 -3.5672751587e-03
     vertex 5.8476848485e-02 1.1695369697e-02 0.0000000000e+00
   endloop
 endfacet
 facet normal  -1.9443161216e-01 9.7215806082e-01 -1.3078628739e-01
   outer loop
     vertex 6.7126916067e-02 1.2945470848e-02 -3.5672751587e-03
